g01: [-0.6096, 6.096, 0.34808]
g02: [7.9248, 4.8768, 0.34808]
g03: [3.6576, 3.048, 0.34808]
